0 0
1 1
2 2
3 3
4 4
5 5
6 6
7 7
8 8
9 9
10 10
11 11
12 12
13 13
14 14
15 15
16 16
17 17
18 18
19 19
20 20
21 21
22 22
23 23
24 24
25 25
26 26
27 27
28 28
29 29
30 30
31 31
32 32
33 33
34 34
35 35
36 36
37 37
38 38
39 39
40 40
41 41
42 42
43 43
44 44
45 45
46 46
47 47
48 48
49 49
50 50
51 51
52 52
53 53
54 54
55 55
56 56
57 57
58 58
59 59
60 60
61 61
62 62
63 63
64 64
65 65
66 66
67 67
68 68
69 69
70 70
71 71
72 72
73 73
74 74
75 75
76 76
77 77
78 78
79 79
80 80
81 81
82 82
83 83
84 84
85 85
86 86
87 87
88 88
89 89
90 90
91 91
92 92
93 93
94 94
95 95
96 96
97 97
98 98
99 99
100 100
101 101
102 102
103 103
104 104
105 105
106 106
107 107
108 108
109 109
110 110
111 111
112 112
113 113
114 114
115 115
116 116
117 117
118 118
119 119
120 120
121 121
122 122
123 123
124 124
125 125
126 126
127 127
128 128
129 129
130 130
131 131
132 132
133 133
134 134
135 135
136 136
137 137
138 138
139 139
140 140
141 141
142 142
143 143
144 144
145 145
146 146
147 147
148 148
149 149
150 150
151 151
152 152
153 153
154 154
155 155
156 156
157 157
158 158
159 159
160 160
161 161
162 162
163 163
164 164
165 165
166 166
167 167
168 168
169 169
170 170
171 171
172 172
173 173
174 174
175 175
176 176
177 177
178 178
179 179
180 180
181 181
182 182
183 183
184 184
185 185
186 186
187 187
188 188
189 189
190 190
191 191
192 192
193 193
194 194
195 195
196 196
197 197
198 198
199 199
200 200
201 201
202 202
203 203
204 204
205 205
206 206
207 207
208 208
209 209
210 210
211 211
212 212
213 213
214 214
215 215
216 216
217 217
218 218
219 219
220 220
221 221
222 222
223 223
224 224
225 225
226 226
227 227
228 228
229 229
230 230
231 231
232 232
233 233
234 234
235 235
236 236
237 237
238 238
239 239
240 240
241 241
242 242
243 243
244 244
245 245
246 246
247 247
248 248
249 249
250 250
251 251
252 252
253 253
254 254
255 255
256 256
257 257
258 258
259 259
260 260
261 261
262 262
263 263
264 264
265 265
266 266
267 267
268 268
269 269
270 270
271 271
272 272
273 273
274 274
275 275
276 276
277 277
278 278
279 279
280 280
281 281
282 282
283 283
284 284
285 285
286 286
287 287
288 288
289 289
290 290
291 291
292 292
293 293
294 294
295 295
296 296
297 297
298 298
299 299
300 300
301 301
302 302
303 303
304 304
305 305
306 306
307 307
308 308
309 309
310 310
311 311
312 312
313 313
314 314
315 315
316 316
317 317
318 318
319 319
320 320
321 321
322 322
323 323
324 324
325 325
326 326
327 327
328 328
329 329
330 330
331 331
332 332
333 333
334 334
335 335
336 336
337 337
338 338
339 339
340 340
341 341
342 342
343 343
344 344
345 345
346 346
347 347
348 348
349 349
350 350
351 351
352 352
353 353
354 354
355 355
356 356
357 357
358 358
359 359
360 360
361 361
362 362
363 363
364 364
365 365
366 366
367 367
368 368
369 369
370 370
371 371
372 372
373 373
374 374
375 375
376 376
377 377
378 378
379 379
380 380
381 381
382 382
383 383
384 384
385 385
386 386
387 387
388 388
389 389
390 390
391 391
392 392
393 393
394 394
395 395
396 396
397 397
398 398
399 399
400 400
401 401
402 402
403 403
404 404
405 405
406 406
407 407
408 408
409 409
410 410
411 411
412 412
413 413
414 414
415 415
416 416
417 417
418 418
419 419
420 420
421 421
422 422
423 423
424 424
425 425
426 426
427 427
428 428
429 429
430 430
431 431
432 432
433 433
434 434
435 435
436 436
437 437
438 438
439 439
440 440
441 441
442 442
443 443
444 444
445 445
446 446
447 447
448 448
449 449
450 450
451 451
452 452
453 453
454 454
455 455
456 456
457 457
458 458
459 459
460 460
461 461
462 462
463 463
464 464
465 465
466 466
467 467
468 468
469 469
470 470
471 471
472 472
473 473
474 474
475 475
476 476
477 477
478 478
479 479
480 480
481 481
482 482
483 483
484 484
485 485
486 486
487 487
488 488
489 489
490 490
491 491
492 492
493 493
494 494
495 495
496 496
497 497
498 498
499 499
500 500
501 501
502 502
503 503
504 504
505 505
506 506
507 507
508 508
509 509
510 510
511 511
512 512
513 513
514 514
515 515
516 516
517 517
518 518
519 519
520 520
521 521
522 522
523 523
524 524
525 525
526 526
527 527
528 528
529 529
530 530
531 531
532 532
533 533
534 534
535 535
536 536
537 537
538 538
539 539
540 540
541 541
542 542
543 543
544 544
545 545
546 546
547 547
548 548
549 549
550 550
551 551
552 552
553 553
554 554
555 555
556 556
557 557
558 558
559 559
560 560
561 561
562 562
563 563
564 564
565 565
566 566
567 567
568 568
569 569
570 570
571 571
572 572
573 573
574 574
575 575
576 576
577 577
578 578
579 579
580 580
581 581
582 582
583 583
584 584
585 585
586 585
587 585
588 585
589 585
590 585
591 585
592 585
593 585
594 585
595 585
596 585
597 585
598 585
599 585
600 585
601 585
602 585
603 585
604 585
605 585
606 585
607 585
608 585
609 585
610 585
611 585
612 585
613 585
614 585
615 585
616 585
617 585
618 585
619 585
620 585
621 585
622 585
623 585
624 585
625 585
626 585
627 585
628 585
629 585
630 585
631 585
632 585
633 585
634 585
635 585
636 585
637 585
638 585
639 585
640 585
641 585
642 585
643 585
644 585
645 585
646 585
647 585
648 585
649 585
650 585
651 585
652 585
653 585
654 585
655 585
656 585
657 585
658 585
659 585
660 585
661 585
662 585
663 585
664 585
665 585
666 585
667 585
668 585
669 585
670 585
671 585
672 585
673 585
674 585
675 585
676 585
677 585
678 585
679 585
680 585
681 585
682 585
683 585
684 585
685 585
686 585
687 585
688 585
689 585
690 585
691 585
692 585
693 585
694 585
695 585
696 585
697 585
698 585
699 585
700 585
701 585
702 585
703 585
704 585
705 585
706 585
707 585
708 585
709 585
710 585
711 585
712 585
713 585
714 585
715 585
716 585
717 585
718 585
719 585
720 585
721 585
722 585
723 585
724 585
725 585
726 585
727 585
728 585
729 585
730 585
731 585
732 585
733 585
734 585
735 585
736 585
737 585
738 585
739 585
740 585
741 585
742 585
743 585
744 585
745 585
746 585
747 585
748 585
749 585
750 585
751 585
752 585
753 585
754 585
755 585
756 585
757 585
758 585
759 585
760 585
761 585
762 585
763 585
764 585
765 585
766 585
767 585
768 585
769 585
770 585
771 585
772 585
773 585
774 585
775 585
776 585
777 585
778 585
779 585
780 585
781 585
782 585
783 585
784 585
785 585
786 585
787 585
788 585
789 585
790 585
791 585
792 585
793 585
794 585
795 585
796 585
797 585
798 585
799 585
800 585
801 585
802 585
803 585
804 585
805 585
806 585
807 585
808 585
809 585
810 585
811 585
812 585
813 585
814 585
815 585
816 585
817 585
818 585
819 585
820 585
821 585
822 585
823 585
824 585
825 585
826 585
827 585
828 585
829 585
830 585
831 585
832 585
833 585
834 585
835 585
836 585
837 585
838 585
839 585
840 585
841 585
842 585
843 585
844 585
845 585
846 585
847 585
848 585
849 585
850 585
851 585
852 585
853 585
854 585
855 585
856 585
857 585
858 585
859 585
860 585
861 585
862 585
863 585
864 585
865 585
866 585
867 585
868 585
869 585
870 585
871 585
872 585
873 585
874 585
875 585
876 585
877 585
878 585
879 585
880 585
881 585
882 585
883 585
884 585
885 585
886 585
887 585
888 585
889 585
890 585
891 585
892 585
893 585
894 585
895 585
896 585
897 585
898 585
899 585
900 585
901 585
902 585
903 585
904 585
905 585
906 585
907 585
908 585
909 585
910 585
911 585
912 585
913 585
914 585
915 585
916 585
917 585
918 585
919 585
920 585
921 585
922 585
923 585
924 585
925 585
926 585
927 585
928 585
929 585
930 585
931 585
932 585
933 585
934 585
935 585
936 585
937 585
938 585
939 585
940 585
941 585
942 585
943 585
944 585
945 585
946 585
947 585
948 585
949 585
950 585
951 585
952 585
953 585
954 585
955 585
956 585
957 585
958 585
959 585
960 585
961 585
962 585
963 585
964 585
965 585
966 585
967 585
968 585
969 585
970 585
971 585
972 585
973 585
974 585
975 585
976 585
977 585
978 585
979 585
980 585
981 585
982 585
983 585
984 585
985 585
986 585
987 585
988 585
989 585
990 585
991 585
992 585
993 585
994 585
995 585
996 585
997 585
998 585
999 585
