0 0
1 1
2 2
3 3
4 4
5 5
6 6
7 7
8 8
9 9
10 10
11 11
12 12
13 13
14 14
15 15
16 16
17 17
18 18
19 19
20 20
21 21
22 22
23 23
24 24
25 25
26 26
27 27
28 28
29 29
30 30
31 31
32 32
33 33
34 34
35 35
36 36
37 37
38 38
39 39
40 40
41 41
42 42
43 43
44 44
45 45
46 46
47 47
48 48
49 49
50 50
51 51
52 52
53 53
54 54
55 55
56 56
57 57
58 58
59 59
60 60
61 61
62 62
63 63
64 64
65 65
66 66
67 67
68 68
69 69
70 70
71 71
72 72
73 73
74 74
75 75
76 76
77 77
78 78
79 79
80 80
81 81
82 82
83 83
84 84
85 85
86 86
87 87
88 88
89 89
90 90
91 91
92 92
93 93
94 94
95 95
96 96
97 97
98 98
99 99
100 100
101 101
102 102
103 103
104 104
105 105
106 106
107 107
108 108
109 109
110 110
111 111
112 112
113 113
114 114
115 115
116 116
117 117
118 118
119 119
120 120
121 121
122 122
123 123
124 124
125 125
126 126
127 127
128 128
129 129
130 130
131 131
132 132
133 133
134 134
135 135
136 136
137 137
138 138
139 139
140 140
141 141
142 142
143 143
144 144
145 145
146 146
147 147
148 148
149 149
150 150
151 151
152 152
153 153
154 154
155 155
156 156
157 157
158 158
159 159
160 160
161 161
162 162
163 163
164 164
165 165
166 166
167 167
168 168
169 169
170 170
171 171
172 172
173 173
174 174
175 175
176 176
177 177
178 178
179 179
180 180
181 181
182 182
183 183
184 184
185 185
186 186
187 187
188 188
189 189
190 190
191 191
192 192
193 193
194 194
195 195
196 196
197 197
198 198
199 199
200 200
201 201
202 202
203 203
204 204
205 205
206 206
207 207
208 208
209 209
210 210
211 211
212 212
213 213
214 214
215 215
216 216
217 217
218 218
219 219
220 220
221 221
222 222
223 223
224 224
225 225
226 226
227 227
228 228
229 229
230 230
231 231
232 232
233 233
234 234
235 235
236 236
237 237
238 238
239 239
240 240
241 241
242 242
243 243
244 244
245 245
246 246
247 247
248 248
249 249
250 250
251 251
252 252
253 253
254 254
255 255
256 256
257 257
258 258
259 259
260 260
261 261
262 262
263 263
264 264
265 265
266 266
267 267
268 268
269 269
270 270
271 271
272 272
273 273
274 274
275 275
276 276
277 277
278 278
279 279
280 280
281 281
282 282
283 283
284 284
285 285
286 286
287 287
288 288
289 289
290 290
291 291
292 292
293 293
294 294
295 295
296 296
297 297
298 298
299 299
300 300
301 301
302 302
303 303
304 304
305 305
306 306
307 307
308 308
309 309
310 310
311 311
312 312
313 313
314 314
315 315
316 316
317 317
318 318
319 319
320 320
321 321
322 322
323 323
324 324
325 325
326 326
327 327
328 328
329 329
330 330
331 331
332 332
333 333
334 334
335 335
336 336
337 337
338 338
339 339
340 340
341 341
342 342
343 343
344 344
345 345
346 346
347 347
348 348
349 349
350 350
351 351
352 352
353 353
354 354
355 355
356 356
357 357
358 358
359 359
360 360
361 361
362 362
363 363
364 364
365 365
366 366
367 367
368 368
369 369
370 370
371 371
372 372
373 373
374 374
375 375
376 376
377 377
378 378
379 379
380 380
381 381
382 382
383 383
384 384
385 385
386 386
387 387
388 388
389 389
390 390
391 391
392 392
393 393
394 394
395 395
396 396
397 397
398 398
399 399
400 400
401 401
402 402
403 403
404 404
405 405
406 406
407 407
408 408
409 409
410 410
411 411
412 412
413 413
414 414
415 415
416 416
417 417
418 418
419 419
420 420
421 421
422 422
423 423
424 424
425 425
426 426
427 427
428 428
429 429
430 430
431 431
432 432
433 433
434 434
435 435
436 436
437 437
438 438
439 439
440 440
441 441
442 442
443 443
444 444
445 445
446 446
447 447
448 448
449 449
450 450
451 451
452 452
453 453
454 454
455 455
456 456
457 457
458 458
459 459
460 460
461 461
462 462
463 463
464 464
465 465
466 466
467 467
468 468
469 469
470 470
471 471
472 472
473 473
474 474
475 475
476 476
477 477
478 478
479 479
480 480
481 481
482 482
483 483
484 484
485 485
486 486
487 487
488 488
489 489
490 490
491 491
492 492
493 493
494 494
495 495
496 496
497 497
498 498
499 499
500 500
501 501
502 502
503 503
504 504
505 505
506 506
507 507
508 508
509 509
510 510
511 511
512 512
513 512
514 512
515 512
516 512
517 512
518 512
519 512
520 512
521 512
522 512
523 512
524 512
525 512
526 512
527 512
528 512
529 512
530 512
531 512
532 512
533 512
534 512
535 512
536 512
537 512
538 512
539 512
540 512
541 512
542 512
543 512
544 512
545 512
546 512
547 512
548 512
549 512
550 512
551 512
552 512
553 512
554 512
555 512
556 512
557 512
558 512
559 512
560 512
561 512
562 512
563 512
564 512
565 512
566 512
567 512
568 512
569 512
570 512
571 512
572 512
573 512
574 512
575 512
576 512
577 512
578 512
579 512
580 512
581 512
582 512
583 512
584 512
585 512
586 512
587 512
588 512
589 512
590 512
591 512
592 512
593 512
594 512
595 512
596 512
597 512
598 512
599 512
600 512
601 512
602 512
603 512
604 512
605 512
606 512
607 512
608 512
609 512
610 512
611 512
612 512
613 512
614 512
615 512
616 512
617 512
618 512
619 512
620 512
621 512
622 512
623 512
624 512
625 512
626 512
627 512
628 512
629 512
630 512
631 512
632 512
633 512
634 512
635 512
636 512
637 512
638 512
639 512
640 512
641 512
642 512
643 512
644 512
645 512
646 512
647 512
648 512
649 512
650 512
651 512
652 512
653 512
654 512
655 512
656 512
657 512
658 512
659 512
660 512
661 512
662 512
663 512
664 512
665 512
666 512
667 512
668 512
669 512
670 512
671 512
672 512
673 512
674 512
675 512
676 512
677 512
678 512
679 512
680 512
681 512
682 512
683 512
684 512
685 512
686 512
687 512
688 512
689 512
690 512
691 512
692 512
693 512
694 512
695 512
696 512
697 512
698 512
699 512
700 512
701 512
702 512
703 512
704 512
705 512
706 512
707 512
708 512
709 512
710 512
711 512
712 512
713 512
714 512
715 512
716 512
717 512
718 512
719 512
720 512
721 512
722 512
723 512
724 512
725 512
726 512
727 512
728 512
729 512
730 512
731 512
732 512
733 512
734 512
735 512
736 512
737 512
738 512
739 512
740 512
741 512
742 512
743 512
744 512
745 512
746 512
747 512
748 512
749 512
750 512
751 512
752 512
753 512
754 512
755 512
756 512
757 512
758 512
759 512
760 512
761 512
762 512
763 512
764 512
765 512
766 512
767 512
768 512
769 512
770 512
771 512
772 512
773 512
774 512
775 512
776 512
777 512
778 512
779 512
780 512
781 512
782 512
783 512
784 512
785 512
786 512
787 512
788 512
789 512
790 512
791 512
792 512
793 512
794 512
795 512
796 512
797 512
798 512
799 512
800 512
801 512
802 512
803 512
804 512
805 512
806 512
807 512
808 512
809 512
810 512
811 512
812 512
813 512
814 512
815 512
816 512
817 512
818 512
819 512
820 512
821 512
822 512
823 512
824 512
825 512
826 512
827 512
828 512
829 512
830 512
831 512
832 512
833 512
834 512
835 512
836 512
837 512
838 512
839 512
840 512
841 512
842 512
843 512
844 512
845 512
846 512
847 512
848 512
849 512
850 512
851 512
852 512
853 512
854 512
855 512
856 512
857 512
858 512
859 512
860 512
861 512
862 512
863 512
864 512
865 512
866 512
867 512
868 512
869 512
870 512
871 512
872 512
873 512
874 512
875 512
876 512
877 512
878 512
879 512
880 512
881 512
882 512
883 512
884 512
885 512
886 512
887 512
888 512
889 512
890 512
891 512
892 512
893 512
894 512
895 512
896 512
897 512
898 512
899 512
900 512
901 512
902 512
903 512
904 512
905 512
906 512
907 512
908 512
909 512
910 512
911 512
912 512
913 512
914 512
915 512
916 512
917 512
918 512
919 512
920 512
921 512
922 512
923 512
924 512
925 512
926 512
927 512
928 512
929 512
930 512
931 512
932 512
933 512
934 512
935 512
936 512
937 512
938 512
939 512
940 512
941 512
942 512
943 512
944 512
945 512
946 512
947 512
948 512
949 512
950 512
951 512
952 512
953 512
954 512
955 512
956 512
957 512
958 512
959 512
960 512
961 512
962 512
963 512
964 512
965 512
966 512
967 512
968 512
969 512
970 512
971 512
972 512
973 512
974 512
975 512
976 512
977 512
978 512
979 512
980 512
981 512
982 512
983 512
984 512
985 512
986 512
987 512
988 512
989 512
990 512
991 512
992 512
993 512
994 512
995 512
996 512
997 512
998 512
999 512
